ipopt_zU_out
Variable noncollocation_error
0 1.000231423063435e-12
1 1.0002955109872047e-12
2 1.0003703001419536e-12
3 1.0080155811756721e-12
4 1.000093216782821e-12
5 1.000097614530002e-12
6 1.000097498176019e-12
7 1.0000965311636167e-12
8 1.0000932487086045e-12
9 1.0000846824204109e-12
10 1.016094462739119e-12
11 1.0002676956381044e-12
12 1.0002121727070716e-12
13 1.0001663348104865e-12
14 1.0001302050206919e-12
Variable virtual_noncollocation_error_sum
None 1.000000000001
Variable time
Variable tf
Variable rx
0.0 9.999998899973229e-14
0.010337 9.749316117423283e-14
0.042997 8.856700583940359e-14
0.06666666666666667 8.173956411335418e-14
0.077003 7.878666767141667e-14
0.109663 6.988406587971529e-14
0.13333333333333333 6.401624711711771e-14
0.14367 6.163228104941012e-14
0.17633 5.4831709090767396e-14
0.2 5.058130046848577e-14
0.210337 4.8874310083200665e-14
0.242997 4.380538532935908e-14
0.26666666666666666 4.0430453996328217e-14
0.277003 3.9033906949889664e-14
0.309663 3.494065348883725e-14
0.3333333333333333 3.2274575577727706e-14
0.34367 3.1186731833065546e-14
0.37633 2.8037433709449e-14
0.4 2.600868546972172e-14
0.410337 2.5184174305715877e-14
0.442997 2.2802928869158222e-14
0.4666666666666667 2.1269741727776726e-14
0.477003 2.064600719983394e-14
0.509663 1.884017572555835e-14
0.5333333333333333 1.767214206572903e-14
0.54367 1.7195352552380127e-14
0.57633 1.5808418146116564e-14
0.6 1.4905190874091818e-14
0.610337 1.4534888401115682e-14
0.642997 1.3451725529108141e-14
0.6666666666666666 1.2741035845401447e-14
0.677003 1.2449575908113277e-14
0.709663 1.1638270645719173e-14
0.7333333333333333 1.1150280955147095e-14
0.74367 1.0961909282950395e-14
0.77633 1.0450269127319515e-14
0.8 1.0147550201761417e-14
0.810337 1.0030902727592115e-14
0.842997 9.717065526885361e-15
0.8666666666666667 9.535976102635977e-15
0.877003 9.467911228059289e-15
0.909663 9.293159176927921e-15
0.9333333333333333 9.202040782333188e-15
0.94367 9.17104846068881e-15
0.97633 9.106682670661849e-15
1.0 9.090909e-15
Variable ry
0.0 3.9999999199988274e-14
0.010337 4.222629421267008e-14
0.042997 4.98969202876378e-14
0.06666666666666667 5.586286883498174e-14
0.077003 5.848729529456614e-14
0.109663 6.62901310453183e-14
0.13333333333333333 7.079936087851298e-14
0.14367 7.227690793548185e-14
0.17633 7.438147506706903e-14
0.2 7.325412232775034e-14
0.210337 7.219388029741712e-14
0.242997 6.820563991739491e-14
0.26666666666666666 6.504144477645081e-14
0.277003 6.365237232732278e-14
0.309663 5.929498922197816e-14
0.3333333333333333 5.6217438281276364e-14
0.34367 5.4905223331978226e-14
0.37633 5.091547962286806e-14
0.4 4.8192508278730367e-14
0.410337 4.705125933456158e-14
0.442997 4.364292501831366e-14
0.4666666666666667 4.136194798291628e-14
0.477003 4.041519164734146e-14
0.509663 3.7615638587077074e-14
0.5333333333333333 3.576177968912533e-14
0.54367 3.4996168369106716e-14
0.57633 3.274323674864212e-14
0.6 3.125844581838096e-14
0.610337 3.064648758154418e-14
0.642997 2.884859531012292e-14
0.6666666666666666 2.7664988369722124e-14
0.677003 2.7177036543538765e-14
0.709663 2.574466740827871e-14
0.7333333333333333 2.4812777912228602e-14
0.74367 2.4433993523449995e-14
0.77633 2.334900667488262e-14
0.8 2.266578171438961e-14
0.810337 2.2393753077393546e-14
0.842997 2.1636120354750438e-14
0.8666666666666667 2.1180389670378295e-14
0.877003 2.10052535097948e-14
0.909663 2.0545219076359496e-14
0.9333333333333333 2.0298940743223015e-14
0.94367 2.0214215268968514e-14
0.97633 2.0038424736942923e-14
1.0 1.9999999800000003e-14
Variable rz
0.0 1.886792438590358e-14
0.010337 1.8541894885877893e-14
0.042997 1.7690848198882787e-14
0.06666666666666667 1.721948113783181e-14
0.077003 1.704693229065913e-14
0.109663 1.6620344762864418e-14
0.13333333333333333 1.641361616792694e-14
0.14367 1.6348346759636287e-14
0.17633 1.623708989017924e-14
0.2 1.6243865111492905e-14
0.210337 1.6266387101870787e-14
0.242997 1.6369726276942365e-14
0.26666666666666666 1.646847803473782e-14
0.277003 1.6516400972227227e-14
0.309663 1.6687407238297868e-14
0.3333333333333333 1.6830144230803774e-14
0.34367 1.6897494434483302e-14
0.37633 1.713060559140121e-14
0.4 1.7318997955522005e-14
0.410337 1.7406441663988012e-14
0.442997 1.7703554721774966e-14
0.4666666666666667 1.7938721801422607e-14
0.477003 1.8046664831614832e-14
0.509663 1.840867374476579e-14
0.5333333333333333 1.8690877626419002e-14
0.54367 1.8819327741646523e-14
0.57633 1.924583445536585e-14
0.6 1.957439919762227e-14
0.610337 1.9722962286454984e-14
0.642997 2.021235681916869e-14
0.6666666666666666 2.0585778588382124e-14
0.677003 2.0753829181003104e-14
0.709663 2.1305021173523215e-14
0.7333333333333333 2.1718616191450393e-14
0.74367 2.1901400602781562e-14
0.77633 2.2479621124624916e-14
0.8 2.2891816066766914e-14
0.810337 2.3067850000364456e-14
0.842997 2.359876170342087e-14
0.8666666666666667 2.3950476211666522e-14
0.877003 2.4092866714737613e-14
0.909663 2.4487863742201273e-14
0.9333333333333333 2.4712854377843074e-14
0.94367 2.479261015696994e-14
0.97633 2.496216197304685e-14
1.0 2.4999999750000002e-14
Variable vx
0.0 4.651162747430833e-13
0.010337 4.604255791302463e-13
0.042997 4.47135301153571e-13
0.06666666666666667 4.3888382690450276e-13
0.077003 4.356286795716785e-13
0.109663 4.266895110984287e-13
0.13333333333333333 4.2146318135186653e-13
0.14367 4.195069969978979e-13
0.17633 4.1462997943658257e-13
0.2 4.1234772876708704e-13
0.210337 4.097053641355689e-13
0.242997 4.002553196892813e-13
0.26666666666666666 3.93081465082288e-13
0.277003 3.900348910549204e-13
0.309663 3.809657125040138e-13
0.3333333333333333 3.7488811587353486e-13
0.34367 3.7235616810384537e-13
0.37633 3.6481289245876717e-13
0.4 3.597466625330351e-13
0.410337 3.5763159568059434e-13
0.442997 3.5130583635661533e-13
0.4666666666666667 3.470277873885082e-13
0.477003 3.452323099083385e-13
0.509663 3.3981868713132717e-13
0.5333333333333333 3.361127785347168e-13
0.54367 3.345447767492576e-13
0.57633 3.2976542793166395e-13
0.6 3.2644617739144716e-13
0.610337 3.2502960020466394e-13
0.642997 3.2066683356247647e-13
0.6666666666666666 3.1759852364644165e-13
0.677003 3.181748794671898e-13
0.709663 3.259528556187222e-13
0.7333333333333333 3.3513101340180194e-13
0.74367 3.394960866707963e-13
0.77633 3.540731797683868e-13
0.8 3.654303427663584e-13
0.810337 3.7061253459421894e-13
0.842997 3.879380306601114e-13
0.8666666666666667 4.014712343527803e-13
0.877003 4.0765994559399437e-13
0.909663 4.2842598385145185e-13
0.9333333333333333 4.447375361310029e-13
0.94367 4.5222598007629936e-13
0.97633 4.77497615204469e-13
1.0 4.975124328605728e-13
Variable vy
0.0 8.695652022684262e-13
0.010337 8.334496815622438e-13
0.042997 7.365799827820894e-13
0.06666666666666667 6.792638525029723e-13
0.077003 6.56934058189726e-13
0.109663 5.951574715060497e-13
0.13333333333333333 5.572811331357905e-13
0.14367 5.422545467053725e-13
0.17633 4.998942033811003e-13
0.2 4.733639961154122e-13
0.210337 4.684008096603273e-13
0.242997 4.581248514014797e-13
0.26666666666666666 4.5341633264786405e-13
0.277003 4.515474773609605e-13
0.309663 4.459062377762527e-13
0.3333333333333333 4.4208103124213644e-13
0.34367 4.404832057993095e-13
0.37633 4.3573870359977605e-13
0.4 4.326000622311955e-13
0.410337 4.313111196699071e-13
0.442997 4.2757566242592826e-13
0.4666666666666667 4.251928921331626e-13
0.477003 4.242387133664481e-13
0.509663 4.215711583113258e-13
0.5333333333333333 4.19962745921636e-13
0.54367 4.1934457221183075e-13
0.57633 4.177204335434905e-13
0.6 4.168440068234168e-13
0.610337 4.165374795668074e-13
0.642997 4.1586012423195975e-13
0.6666666666666666 4.156314779029622e-13
0.677003 4.155162395482888e-13
0.709663 4.1616669239651627e-13
0.7333333333333333 4.177399534912503e-13
0.74367 4.187387130014041e-13
0.77633 4.2301073043551755e-13
0.8 4.271540995562278e-13
0.810337 4.292386180952525e-13
0.842997 4.3693103259591427e-13
0.8666666666666667 4.435780111050201e-13
0.877003 4.4677135152551325e-13
0.909663 4.580663433549289e-13
0.9333333333333333 4.674556504513786e-13
0.94367 4.718915974641318e-13
0.97633 4.873386027196449e-13
1.0 4.99999995e-13
Variable vz
0.0 3.846153816568042e-13
0.010337 3.8960191241873957e-13
0.042997 4.062906894176879e-13
0.06666666666666667 4.193414979464923e-13
0.077003 4.2531229299783776e-13
0.109663 4.453480163627663e-13
0.13333333333333333 4.610612452018626e-13
0.14367 4.682598225330799e-13
0.17633 4.924429688015325e-13
0.2 5.114153952261629e-13
0.210337 5.153833485222855e-13
0.242997 5.240899932744994e-13
0.26666666666666666 5.283225386662735e-13
0.277003 5.300481021764918e-13
0.309663 5.354239030124779e-13
0.3333333333333333 5.392201231406065e-13
0.34367 5.408440942118139e-13
0.37633 5.458070070064236e-13
0.4 5.492129373786172e-13
0.410337 5.506418259684203e-13
0.442997 5.548891873010459e-13
0.4666666666666667 5.576875793944394e-13
0.477003 5.588294853830098e-13
0.509663 5.620941110319835e-13
0.5333333333333333 5.641218011109749e-13
0.54367 5.64915494924575e-13
0.57633 5.67050731043298e-13
0.6 5.682473159952473e-13
0.610337 5.686786016778526e-13
0.642997 5.696858339178553e-13
0.6666666666666666 5.700912401188038e-13
0.677003 5.703650091841268e-13
0.709663 5.701902362559637e-13
0.7333333333333333 5.688173599101927e-13
0.74367 5.678485145933436e-13
0.77633 5.635193060132041e-13
0.8 5.592830060878735e-13
0.810337 5.571720101735156e-13
0.842997 5.495762257125454e-13
0.8666666666666667 5.432968346829473e-13
0.877003 5.403775529640474e-13
0.909663 5.305500673742674e-13
0.9333333333333333 5.229432780076687e-13
0.94367 5.195159612160817e-13
0.97633 5.08347818662933e-13
1.0 4.999999949999999e-13
Variable mass_prop
0.0 857.8076466641476
0.010337 1.2277852988176466e-11
0.042997 2.951696607641189e-12
0.06666666666666667 1.903693699479815e-12
0.077003 1.6481468412103905e-12
0.109663 1.1572965053919267e-12
0.13333333333333333 9.518468497402504e-13
0.14367 8.833636311896991e-13
0.17633 7.197468525834525e-13
0.2 6.345645664936242e-13
0.210337 6.197782941165261e-13
0.242997 5.899912674075535e-13
0.26666666666666666 5.764867500623747e-13
0.277003 5.711235138013236e-13
0.309663 5.548149130004792e-13
0.3333333333333333 5.435656564484227e-13
0.34367 5.387949457581018e-13
0.37633 5.242568943952991e-13
0.4 5.142014530714263e-13
0.410337 5.099302362155964e-13
0.442997 4.968892949251924e-13
0.4666666666666667 4.87847239225163e-13
0.477003 4.840009879100713e-13
0.509663 4.72237258339197e-13
0.5333333333333333 4.640627684413111e-13
0.54367 4.605810762389072e-13
0.57633 4.499157097552784e-13
0.6 4.424896580536208e-13
0.610337 4.393230473878488e-13
0.642997 4.296090945795168e-13
0.6666666666666666 4.2283320626585473e-13
0.677003 4.1573855555991324e-13
0.709663 3.838975076601595e-13
0.7333333333333333 3.5884311465406207e-13
0.74367 3.486530792297407e-13
0.77633 3.199466229227052e-13
0.8 3.019298391969547e-13
0.810337 2.946831618060815e-13
0.842997 2.739113714081701e-13
0.8666666666666667 2.6059838521174403e-13
0.877003 2.551821247540171e-13
0.909663 2.3945726382469987e-13
0.9333333333333333 2.292202182557781e-13
0.94367 2.2501924272857798e-13
0.97633 2.1270236779536877e-13
1.0 2.0458635562292276e-13
Variable ux
Variable uy
Variable uz
Variable thrust
Variable rx_dt
Variable ry_dt
Variable rz_dt
Variable vx_dt
Variable vy_dt
Variable vz_dt
Variable mass_prop_dt
Variable time_dt
