ipopt_zL_out
Variable noncollocation_error
0 -4.3219018316791024e-09
1 -3.384853210803274e-09
2 -2.701438352773759e-09
3 -1.2575685764494275e-10
4 -1.0727519535337191e-08
5 -1.0244316464097435e-08
6 -1.025653953599641e-08
7 -1.0359264873859306e-08
8 -1.0723847468920608e-08
9 -1.180841787996065e-08
10 -6.31331304003242e-11
11 -3.73644469714595e-09
12 -4.71391710011415e-09
13 -6.012605506136131e-09
14 -7.680599531033857e-09
Variable virtual_noncollocation_error_sum
None -9.999999899020002e-13
Variable time
Variable tf
Variable rx
0.0 -9.999999999992686e-15
0.010337 -1.0025779146549065e-14
0.042997 -1.0130776705285833e-14
0.06666666666666667 -1.0228502343146819e-14
0.077003 -1.0276700331079071e-14
0.109663 -1.045034862589633e-14
0.13333333333333333 -1.05955811472964e-14
0.14367 -1.066385281973817e-14
0.17633 -1.0897712254025705e-14
0.2 -1.1082806967714873e-14
0.210337 -1.1168273533840298e-14
0.242997 -1.1471605331458962e-14
0.26666666666666666 -1.1727980675914014e-14
0.277003 -1.1850974194011911e-14
0.309663 -1.228802479669885e-14
0.3333333333333333 -1.2655687080672774e-14
0.34367 -1.2831191815910467e-14
0.37633 -1.3452902965295472e-14
0.4 -1.397598515606946e-14
0.410337 -1.4226263750946796e-14
0.442997 -1.5118075473982155e-14
0.4666666666666667 -1.587683243726696e-14
0.477003 -1.62431309038488e-14
0.509663 -1.756791847901258e-14
0.5333333333333333 -1.872176575601086e-14
0.54367 -1.9288355118519543e-14
0.57633 -2.1393776721996474e-14
0.6 -2.3304981904553524e-14
0.610337 -2.427183096106091e-14
0.642997 -2.8042549339438964e-14
0.6666666666666666 -3.17324855660396e-14
0.677003 -3.369728668105591e-14
0.709663 -4.153413377129442e-14
0.7333333333333333 -4.9221894681932826e-14
0.74367 -5.326226867260641e-14
0.77633 -6.988762120648632e-14
0.8 -8.730537414456122e-14
0.810337 -9.701131104044604e-14
0.842997 -1.4107807657953e-13
0.8666666666666667 -1.9478116998562886e-13
0.877003 -2.2830612921169227e-13
0.909663 -4.1771664025068547e-13
0.9333333333333333 -7.527541950994054e-13
0.94367 -1.0403509864607801e-12
0.97633 -5.248494480593508e-12
1.0 -0.009999999999999998
Variable ry
0.0 -1.333333324444575e-14
0.010337 -1.3103055964397825e-14
0.042997 -1.2506458970735329e-14
0.06666666666666667 -1.2180412951389495e-14
0.077003 -1.2062395774759534e-14
0.109663 -1.1776510204121349e-14
0.13333333333333333 -1.1644753995940928e-14
0.14367 -1.1605731481006335e-14
0.17633 -1.1553241694172961e-14
0.2 -1.158092449687859e-14
0.210337 -1.1607875101884864e-14
0.242997 -1.171804643243422e-14
0.26666666666666666 -1.181681263492122e-14
0.277003 -1.186385034082551e-14
0.309663 -1.2028603605476715e-14
0.3333333333333333 -1.2163685329188823e-14
0.34367 -1.2226912280281963e-14
0.37633 -1.2444062603830627e-14
0.4 -1.261831438744777e-14
0.410337 -1.2698963431229379e-14
0.442997 -1.2972392985569268e-14
0.4666666666666667 -1.3188577272031075e-14
0.477003 -1.3287830495667407e-14
0.509663 -1.3621136428223612e-14
0.5333333333333333 -1.3881719207383126e-14
0.54367 -1.4000612958901092e-14
0.57633 -1.4396911327582065e-14
0.6 -1.470401252556713e-14
0.610337 -1.484343862635488e-14
0.642997 -1.5305434911157044e-14
0.6666666666666666 -1.5660914888503983e-14
0.677003 -1.5821725735207762e-14
0.709663 -1.6351356506763466e-14
0.7333333333333333 -1.675092791076514e-14
0.74367 -1.692808928459945e-14
0.77633 -1.749119379078139e-14
0.8 -1.789528812345494e-14
0.810337 -1.8068580625199697e-14
0.842997 -1.859392932767064e-14
0.8666666666666667 -1.8944231724989098e-14
0.877003 -1.9086569055571202e-14
0.909663 -1.9482969986025548e-14
0.9333333333333333 -1.9709736029400413e-14
0.94367 -1.979027691959437e-14
0.97633 -1.9961721945473202e-14
1.0 -1.9999999800000003e-14
Variable rz
0.0 -3.703703648833587e-14
0.010337 -3.83610909058249e-14
0.042997 -4.260105217431359e-14
0.06666666666666667 -4.5607451345470734e-14
0.077003 -4.686382642691718e-14
0.109663 -5.0421581957898084e-14
0.13333333333333333 -5.242471021448569e-14
0.14367 -5.310184829432914e-14
0.17633 -5.431060551745092e-14
0.2 -5.4234941440730277e-14
0.210337 -5.398537762911281e-14
0.242997 -5.2877530647349206e-14
0.26666666666666666 -5.187277467321704e-14
0.277003 -5.140298617855153e-14
0.309663 -4.981425743792851e-14
0.3333333333333333 -4.858424650423197e-14
0.34367 -4.803159514168275e-14
0.37633 -4.6242885027492255e-14
0.4 -4.492375150639195e-14
0.410337 -4.434588811639045e-14
0.442997 -4.2527548632718936e-14
0.4666666666666667 -4.1229175403519015e-14
0.477003 -4.0670080111892577e-14
0.509663 -3.894417335942919e-14
0.5333333333333333 -3.773874681022843e-14
0.54367 -3.722573023307958e-14
0.57633 -3.566244108424265e-14
0.6 -3.4586680277016495e-14
0.610337 -3.413239777135362e-14
0.642997 -3.2759694545011424e-14
0.6666666666666666 -3.1824050459812974e-14
0.677003 -3.1430606637288814e-14
0.709663 -3.024555568656929e-14
0.7333333333333333 -2.9449397866125405e-14
0.74367 -2.911986338249569e-14
0.77633 -2.815690638143408e-14
0.8 -2.7535869831860064e-14
0.810337 -2.7285409870546407e-14
0.842997 -2.6578146544918334e-14
0.8666666666666667 -2.6145720129856036e-14
0.877003 -2.597811525707373e-14
0.909663 -2.553401482594544e-14
0.9333333333333333 -2.529389640743032e-14
0.94367 -2.521088822913404e-14
0.97633 -2.5037952410498514e-14
1.0 -2.4999999750000002e-14
Variable vx
0.0 -5.405405346968875e-13
0.010337 -5.470171104659663e-13
0.042997 -5.670411240342521e-13
0.06666666666666667 -5.808912069118635e-13
0.077003 -5.866936487853457e-13
0.109663 -6.037278304490847e-13
0.13333333333333333 -6.145097269122108e-13
0.14367 -6.18716327416365e-13
0.17633 -6.296392224746816e-13
0.2 -6.349761118084772e-13
0.210337 -6.413456364516235e-13
0.242997 -6.659586327040617e-13
0.26666666666666666 -6.868140713705765e-13
0.277003 -6.963173200142495e-13
0.309663 -7.272241225168754e-13
0.3333333333333333 -7.504479149156927e-13
0.34367 -7.608038126370177e-13
0.37633 -7.943639278097937e-13
0.4 -8.194933732776307e-13
0.410337 -8.306844786979073e-13
0.442997 -8.669436944813784e-13
0.4666666666666667 -8.941453379413004e-13
0.477003 -9.062898341051604e-13
0.509663 -9.458462518434963e-13
0.5333333333333333 -9.75792359551376e-13
0.54367 -9.892531992350892e-13
0.57633 -1.033547436682248e-12
0.6 -1.0675686299516076e-12
0.610337 -1.0830045250065128e-12
0.642997 -1.1344318219946455e-12
0.6666666666666666 -1.1745763501649017e-12
0.677003 -1.1667599088714496e-12
0.709663 -1.0728788238939455e-12
0.7333333333333333 -9.841624891363437e-13
0.74367 -9.483545214694618e-13
0.77633 -8.50538939307538e-13
0.8 -7.914520619963827e-13
0.810337 -7.681882410751842e-13
0.842997 -7.031019978558645e-13
0.8666666666666667 -6.626195815781689e-13
0.877003 -6.464228018049874e-13
0.909663 -6.002852896148584e-13
0.9333333333333333 -5.709447890865247e-13
0.94367 -5.590601783618679e-13
0.97633 -5.247281435819107e-13
1.0 -5.025125577636929e-13
Variable vy
0.0 -3.508771905201609e-13
0.010337 -3.571214862200665e-13
0.042997 -3.784475305685177e-13
0.06666666666666667 -3.9559809065780213e-13
0.077003 -4.035875311757673e-13
0.109663 -4.3107676233025997e-13
0.13333333333333333 -4.533967944451892e-13
0.14367 -4.638546626196185e-13
0.17633 -5.001058314053189e-13
0.2 -5.298123179161134e-13
0.210337 -5.361710887691982e-13
0.242997 -5.503005025977031e-13
0.26666666666666666 -5.572516186865117e-13
0.277003 -5.601006189174261e-13
0.309663 -5.690301553033813e-13
0.3333333333333333 -5.753834959765053e-13
0.34367 -5.781129020862811e-13
0.37633 -5.864942052093288e-13
0.4 -5.922780730417908e-13
0.410337 -5.947113312671096e-13
0.442997 -6.019626314345006e-13
0.4666666666666667 -6.067496184299421e-13
0.477003 -6.087032767293163e-13
0.509663 -6.142803255834028e-13
0.5333333333333333 -6.177276279979066e-13
0.54367 -6.19069977192911e-13
0.57633 -6.226439055673124e-13
0.6 -6.246013931596285e-13
0.610337 -6.252908808155519e-13
0.642997 -6.268235293606976e-13
0.6666666666666666 -6.273437162057966e-13
0.677003 -6.276064364606301e-13
0.709663 -6.261283112329243e-13
0.7333333333333333 -6.226005408866941e-13
0.74367 -6.203951291938877e-13
0.77633 -6.112492546388288e-13
0.8 -6.028001755628419e-13
0.810337 -5.986971618858738e-13
0.842997 -5.84347896006694e-13
0.8666666666666667 -5.728672363256142e-13
0.877003 -5.67627525447469e-13
0.909663 -5.503849467967843e-13
0.9333333333333333 -5.37414915906258e-13
0.94367 -5.316690591503869e-13
0.97633 -5.13336839360006e-13
1.0 -4.999999949999999e-13
Variable vz
0.0 -7.142857040816346e-13
0.010337 -6.977015837309656e-13
0.042997 -6.498958453148928e-13
0.06666666666666667 -6.190766773759319e-13
0.077003 -6.065066450943261e-13
0.109663 -5.69941807577464e-13
0.13333333333333333 -5.461225658564859e-13
0.14367 -5.363559438613031e-13
0.17633 -5.077925761607656e-13
0.2 -4.890830786560298e-13
0.210337 -4.855083611906505e-13
0.242997 -4.780272867609342e-13
0.26666666666666666 -4.745595983433312e-13
0.277003 -4.731759365844628e-13
0.309663 -4.689725416454578e-13
0.3333333333333333 -4.660983710539358e-13
0.34367 -4.648917537935061e-13
0.37633 -4.612863995845415e-13
0.4 -4.588813338999385e-13
0.410337 -4.578885639992058e-13
0.442997 -4.549925024516651e-13
0.4666666666666667 -4.531281132503534e-13
0.477003 -4.523770411509488e-13
0.509663 -4.5026009866847337e-13
0.5333333333333333 -4.489673981437431e-13
0.54367 -4.484659328418112e-13
0.57633 -4.4712932772268094e-13
0.6 -4.463881369052764e-13
0.610337 -4.4612235378821555e-13
0.642997 -4.455044322610929e-13
0.6666666666666666 -4.452568193944721e-13
0.677003 -4.4508996197971577e-13
0.709663 -4.4519645006155057e-13
0.7333333333333333 -4.460369958538948e-13
0.74367 -4.4663454316832364e-13
0.77633 -4.4934975699772423e-13
0.8 -4.5208028324011536e-13
0.810337 -4.534690512266801e-13
0.842997 -4.586280289126162e-13
0.8666666666666667 -4.630946880200172e-13
0.877003 -4.652370141837442e-13
0.909663 -4.727766262066344e-13
0.9333333333333333 -4.789852966938522e-13
0.94367 -4.818972027276647e-13
0.97633 -4.919219090867169e-13
1.0 -4.999999950000001e-13
Variable mass_prop
0.0 -1.440922175771745e-13
0.010337 -1.4580335788716117e-13
0.042997 -1.5148733607741103e-13
0.06666666666666667 -1.5589180252856778e-13
0.077003 -1.5789661459844317e-13
0.109663 -1.6458420267436337e-13
0.13333333333333333 -1.6979626969843306e-13
0.14367 -1.7217739276993538e-13
0.17633 -1.8015996706395024e-13
0.2 -1.8642399675326133e-13
0.210337 -1.8773984190403486e-13
0.242997 -1.906555981768997e-13
0.26666666666666666 -1.921098625898769e-13
0.277003 -1.9271293308419316e-13
0.309663 -1.946435199465485e-13
0.3333333333333333 -1.9606705531601005e-13
0.34367 -1.9669526712283267e-13
0.37633 -1.9870688441072895e-13
0.4 -2.0019070195728187e-13
0.410337 -2.0084566065447414e-13
0.442997 -2.0294351907428542e-13
0.4666666666666667 -2.0449153063090213e-13
0.477003 -2.0517498147871642e-13
0.509663 -2.0736474827912473e-13
0.5333333333333333 -2.0898121161189052e-13
0.54367 -2.09695055080213e-13
0.57633 -2.1198290517097183e-13
0.6 -2.1367246308181596e-13
0.610337 -2.1441877249565098e-13
0.642997 -2.1681144659191828e-13
0.6666666666666666 -2.1857917144780538e-13
0.677003 -2.2052456457839596e-13
0.709663 -2.3067315646773376e-13
0.7333333333333333 -2.4077431506277483e-13
0.74367 -2.455904562850838e-13
0.77633 -2.621590190628243e-13
0.8 -2.756360596170865e-13
0.810337 -2.819661599488184e-13
0.842997 -3.0402676154545055e-13
0.8666666666666667 -3.223022436028451e-13
0.877003 -3.309909889773172e-13
0.909663 -3.618089595417026e-13
0.9333333333333333 -3.87990429690669e-13
0.94367 -4.006513475768727e-13
0.97633 -4.4670877067141154e-13
1.0 -4.873084007816731e-13
Variable ux
Variable uy
Variable uz
Variable thrust
Variable rx_dt
Variable ry_dt
Variable rz_dt
Variable vx_dt
Variable vy_dt
Variable vz_dt
Variable mass_prop_dt
Variable time_dt
