ipopt_zU_out
Variable noncollocation_error
0 6.387535469011527e-11
1 6.394634799674044e-11
2 6.401040963552825e-11
3 6.343995410026361e-11
4 6.345946705922395e-11
5 6.348204037776407e-11
6 6.350386922876453e-11
7 6.351161246951813e-11
8 6.349666911493137e-11
9 6.34682459846597e-11
10 6.355068606669178e-11
11 6.352065315202877e-11
12 6.349118078543767e-11
13 6.346213940402801e-11
14 6.34328792749942e-11
Variable virtual_noncollocation_error_sum
None 1.0249803961901971e-12
Variable time
Variable tf
0 1.7589248663697742e-12
1 1.4385969237645017e-12
2 1.2538907277487852e-12
3 1.4563052559253354e-12
4 1.3332399166430488e-12
5 1.2870321841553579e-12
6 1.2949251527024516e-12
7 1.3376704283965485e-12
8 1.4099711535010877e-12
9 1.5407908463665252e-12
10 9.840716517249886e-13
11 1.060536626623741e-12
12 1.1730690134652358e-12
13 1.346045466094835e-12
14 1.6357941766041246e-12
Variable rx
0.0 9.999998900000112e-14
0.010337 9.71765046388317e-14
0.042997 8.70741716369906e-14
0.06666666666666667 7.943717597662843e-14
0.077003 7.641191407374283e-14
0.109663 6.741312032221674e-14
0.13333333333333333 6.157386603244305e-14
0.14367 5.936738346761437e-14
0.17633 5.308615223648768e-14
0.2 4.916231173987682e-14
0.210337 4.745586363340709e-14
0.242997 4.2332257275675974e-14
0.26666666666666666 3.8922304294547745e-14
0.277003 3.757380847501674e-14
0.309663 3.3635669050447295e-14
0.3333333333333333 3.1079732312694153e-14
0.34367 3.005612762711867e-14
0.37633 2.7092068316099762e-14
0.4 2.5180720761503092e-14
0.410337 2.4400835497213614e-14
0.442997 2.2145898178946772e-14
0.4666666666666667 2.0691415803219413e-14
0.477003 2.0089615101905256e-14
0.509663 1.834686612844545e-14
0.5333333333333333 1.7219104955944947e-14
0.54367 1.674745214019301e-14
0.57633 1.53774737815161e-14
0.6 1.4486873019974464e-14
0.610337 1.4108566442989406e-14
0.642997 1.300637553661873e-14
0.6666666666666666 1.2286787297166195e-14
0.677003 1.2060147729213195e-14
0.709663 1.1431957117725092e-14
0.7333333333333333 1.1048107766625099e-14
0.74367 1.088833360705503e-14
0.77633 1.044635969275948e-14
0.8 1.0178277821712148e-14
0.810337 1.0066597262594643e-14
0.842997 9.762744973925353e-15
0.8666666666666667 9.584254515234557e-15
0.877003 9.511344048315996e-15
0.909663 9.322977291082149e-15
0.9333333333333333 9.223316346106604e-15
0.94367 9.186213579154287e-15
0.97633 9.109472773950993e-15
1.0 9.090909e-15
Variable ry
0.0 3.999999920000002e-14
0.010337 4.2501447151422854e-14
0.042997 5.1183627699565877e-14
0.06666666666666667 5.79024193703074e-14
0.077003 6.059743087664195e-14
0.109663 6.829759745943064e-14
0.13333333333333333 7.230922787695954e-14
0.14367 7.338552699995748e-14
0.17633 7.420379501089365e-14
0.2 7.231067553960674e-14
0.210337 7.095548156234767e-14
0.242997 6.650206137094453e-14
0.26666666666666666 6.320147634480899e-14
0.277003 6.181779274485186e-14
0.309663 5.75087134463972e-14
0.3333333333333333 5.448945766524258e-14
0.34367 5.3229329850162925e-14
0.37633 4.941117801215279e-14
0.4 4.6814133512471154e-14
0.410337 4.5723907995855404e-14
0.442997 4.2472609926433746e-14
0.4666666666666667 4.0299432479036994e-14
0.477003 3.938347876948299e-14
0.509663 3.667848535018466e-14
0.5333333333333333 3.4889734322165014e-14
0.54367 3.4133614536988506e-14
0.57633 3.191398262943024e-14
0.6 3.045558050505858e-14
0.610337 2.983326435268919e-14
0.642997 2.801371261402659e-14
0.6666666666666666 2.682329407607712e-14
0.677003 2.64418642048135e-14
0.709663 2.531360760378438e-14
0.7333333333333333 2.456950148235788e-14
0.74367 2.4246820443246108e-14
0.77633 2.331228125626873e-14
0.8 2.2713684909675087e-14
0.810337 2.2456841670947582e-14
0.842997 2.1734316745613088e-14
0.8666666666666667 2.129247653460793e-14
0.877003 2.1108000400912218e-14
0.909663 2.0619669359354874e-14
0.9333333333333333 2.0353860212873152e-14
0.94367 2.025360431811193e-14
0.97633 2.0045541735301142e-14
1.0 1.9999999800000003e-14
Variable rz
0.0 1.8867924385902457e-14
0.010337 1.8504629166896745e-14
0.042997 1.757818213795501e-14
0.06666666666666667 1.708386148173258e-14
0.077003 1.692018416453888e-14
0.109663 1.652592821589273e-14
0.13333333333333333 1.6346911257570462e-14
0.14367 1.6297827547201414e-14
0.17633 1.6230943738041745e-14
0.2 1.6264455940383643e-14
0.210337 1.6297824642791063e-14
0.242997 1.6423979903647132e-14
0.26666666666666666 1.6535288016370692e-14
0.277003 1.658702345471932e-14
0.309663 1.677032562729424e-14
0.3333333333333333 1.6922209907254537e-14
0.34367 1.699234958734136e-14
0.37633 1.7233780986408403e-14
0.4 1.7427711588693806e-14
0.410337 1.7517720634627347e-14
0.442997 1.782247476334246e-14
0.4666666666666667 1.806271378105921e-14
0.477003 1.817454294853661e-14
0.509663 1.854894434410624e-14
0.5333333333333333 1.8840213922843116e-14
0.54367 1.897594564423885e-14
0.57633 1.9426532190841835e-14
0.6 1.9773531009033226e-14
0.610337 1.993638915880523e-14
0.642997 2.047351044826915e-14
0.6666666666666666 2.088386891954411e-14
0.677003 2.1027241898154748e-14
0.709663 2.14919807546777e-14
0.7333333333333333 2.1836467670529384e-14
0.74367 2.1996572241620645e-14
0.77633 2.2501921173852833e-14
0.8 2.2862537865098696e-14
0.810337 2.302728399173099e-14
0.842997 2.352699510654815e-14
0.8666666666666667 2.3862024918647262e-14
0.877003 2.4009265511069296e-14
0.909663 2.44220272756118e-14
0.9333333333333333 2.466196122586064e-14
0.94367 2.475548278206468e-14
0.97633 2.4955204019343577e-14
1.0 2.499999975e-14
Variable vx
0.0 4.651162747431045e-13
0.010337 4.598598080825621e-13
0.042997 4.452214179979005e-13
0.06666666666666667 4.363227863025167e-13
0.077003 4.3311129976670064e-13
0.109663 4.244488138308577e-13
0.13333333333333333 4.1950842591247654e-13
0.14367 4.178103432576271e-13
0.17633 4.137219365933641e-13
0.2 4.1194918005164906e-13
0.210337 4.082190683575956e-13
0.242997 3.971493244050968e-13
0.26666666666666666 3.897565085828816e-13
0.277003 3.86803018570471e-13
0.309663 3.780167855676327e-13
0.3333333333333333 3.7212858208815867e-13
0.34367 3.69717540902244e-13
0.37633 3.6252696088324584e-13
0.4 3.576874738621271e-13
0.410337 3.5565825753871107e-13
0.442997 3.495782100248594e-13
0.4666666666666667 3.4545514939954735e-13
0.477003 3.4369420324825897e-13
0.509663 3.3837506225911616e-13
0.5333333333333333 3.347252666698695e-13
0.54367 3.331410024588828e-13
0.57633 3.283058883897773e-13
0.6 3.2494267806687285e-13
0.610337 3.234519693893871e-13
0.642997 3.1885895341061846e-13
0.6666666666666666 3.156268441360798e-13
0.677003 3.188025585488801e-13
0.709663 3.29321473789629e-13
0.7333333333333333 3.3742209793096233e-13
0.74367 3.413021226234817e-13
0.77633 3.541747207334848e-13
0.8 3.6411588432501375e-13
0.810337 3.6893205418879763e-13
0.842997 3.8498082669117446e-13
0.8666666666666667 3.9745484112156157e-13
0.877003 4.035775364907396e-13
0.909663 4.2413434792006376e-13
0.9333333333333333 4.4028339888901163e-13
0.94367 4.4833425109927214e-13
0.97633 4.756792222268993e-13
1.0 4.975124328605727e-13
Variable vy
0.0 8.695652022684312e-13
0.010337 8.292963733754016e-13
0.042997 7.232374573087805e-13
0.06666666666666667 6.61794218081214e-13
0.077003 6.39792193631082e-13
0.109663 5.790565135548095e-13
0.13333333333333333 5.419115356799764e-13
0.14367 5.28111228958329e-13
0.17633 4.890241620930925e-13
0.2 4.643920457501339e-13
0.210337 4.62230152668582e-13
0.242997 4.556585080538272e-13
0.26666666666666666 4.511502161535343e-13
0.277003 4.493257878807436e-13
0.309663 4.438381395577723e-13
0.3333333333333333 4.4013284090290516e-13
0.34367 4.3861638970816984e-13
0.37633 4.3413024171564847e-13
0.4 4.3117567947221803e-13
0.410337 4.299627349783928e-13
0.442997 4.264637682803172e-13
0.4666666666666667 4.242465758429241e-13
0.477003 4.2334950123116567e-13
0.509663 4.2086138608626006e-13
0.5333333333333333 4.1938286262695234e-13
0.54367 4.188083723082445e-13
0.57633 4.173299090244996e-13
0.6 4.1656952464072103e-13
0.610337 4.163078658179483e-13
0.642997 4.1579484266316905e-13
0.6666666666666666 4.1571079294797424e-13
0.677003 4.15828100379956e-13
0.709663 4.170070071057179e-13
0.7333333333333333 4.186230220661874e-13
0.74367 4.1958063741658984e-13
0.77633 4.234412972306113e-13
0.8 4.2704530042433446e-13
0.810337 4.28955815022738e-13
0.842997 4.3593470510019136e-13
0.8666666666666667 4.4192697942354127e-13
0.877003 4.4502081968075966e-13
0.909663 4.559735453089224e-13
0.9333333333333333 4.651122463495585e-13
0.94367 4.698138166835938e-13
0.97633 4.863136143675158e-13
1.0 4.999999949999999e-13
Variable vz
0.0 3.8461538165680473e-13
0.010337 3.9021189318483863e-13
0.042997 4.0907330599414995e-13
0.06666666666666667 4.2396336915466163e-13
0.077003 4.303071395294795e-13
0.109663 4.516438680232403e-13
0.13333333333333333 4.684323259166905e-13
0.14367 4.756394942251667e-13
0.17633 4.997966043772868e-13
0.2 5.186996203917564e-13
0.210337 5.205291983880377e-13
0.242997 5.262874336038823e-13
0.26666666666666666 5.304189872923446e-13
0.277003 5.321354035358238e-13
0.309663 5.374617411203782e-13
0.3333333333333333 5.412048395776941e-13
0.34367 5.427729046336925e-13
0.37633 5.475421667633379e-13
0.4 5.507961305188774e-13
0.410337 5.521597303116454e-13
0.442997 5.561905178246327e-13
0.4666666666666667 5.588257521196611e-13
0.477003 5.599117287157088e-13
0.509663 5.629911844367562e-13
0.5333333333333333 5.648766580619288e-13
0.54367 5.656234122976446e-13
0.57633 5.675954674643377e-13
0.6 5.686563822705975e-13
0.610337 5.690366925881588e-13
0.642997 5.698520496550038e-13
0.6666666666666666 5.700847669532159e-13
0.677003 5.701544947674404e-13
0.709663 5.693689547322708e-13
0.7333333333333333 5.678696021581552e-13
0.74367 5.669275833242931e-13
0.77633 5.630182425504462e-13
0.8 5.593443411103261e-13
0.810337 5.574116436170444e-13
0.842997 5.505067778440352e-13
0.8666666666666667 5.448031724474655e-13
0.877003 5.419445841612018e-13
0.909663 5.322964975776772e-13
0.9333333333333333 5.247837097418501e-13
0.94367 5.210978935933182e-13
0.97633 5.090501456126541e-13
1.0 4.999999949999999e-13
Variable mass_prop
0.0 858.3671354839062
0.010337 1.0958543144231033e-11
0.042997 2.6345236951955065e-12
0.06666666666666667 1.6991333549283013e-12
0.077003 1.485626775523441e-12
0.109663 1.0634238969316391e-12
0.13333333333333333 8.818021751625424e-13
0.14367 8.242487933270102e-13
0.17633 6.833320897505439e-13
0.2 6.079980136449861e-13
0.210337 6.017761211577411e-13
0.242997 5.829280768991725e-13
0.26666666666666666 5.69989592137929e-13
0.277003 5.647307839010183e-13
0.309663 5.487346950967793e-13
0.3333333333333333 5.376965837077254e-13
0.34367 5.330949815626974e-13
0.37633 5.190597330769857e-13
0.4 5.093410078021246e-13
0.410337 5.05197336789816e-13
0.442997 4.925369658079665e-13
0.4666666666666667 4.837509424347992e-13
0.477003 4.799517275309955e-13
0.509663 4.683304098850977e-13
0.5333333333333333 4.602535945674875e-13
0.54367 4.567288809512114e-13
0.57633 4.4593860150878563e-13
0.6 4.384316898449868e-13
0.610337 4.351119243645645e-13
0.642997 4.2494546701719943e-13
0.6666666666666666 4.1786936082084966e-13
0.677003 4.0637971636367226e-13
0.709663 3.738972285428493e-13
0.7333333333333333 3.5342346012337146e-13
0.74367 3.447100703148417e-13
0.77633 3.197986030161585e-13
0.8 3.038825195910849e-13
0.810337 2.969972759133218e-13
0.842997 2.7715603145927986e-13
0.8666666666666667 2.643565698865984e-13
0.877003 2.5874346371178395e-13
0.909663 2.424762443519007e-13
0.9333333333333333 2.319093504760659e-13
0.94367 2.2721967756766347e-13
0.97633 2.1357374757401804e-13
1.0 2.0466560392230923e-13
Variable ux
Variable uy
Variable uz
Variable thrust
Variable rx_dt
Variable ry_dt
Variable rz_dt
Variable vx_dt
Variable vy_dt
Variable vz_dt
Variable mass_prop_dt
Variable time_dt
