ipopt_zL_out
Variable noncollocation_error
0 -5.741437046607894e-09
1 -5.650199149413681e-09
2 -5.563848792865675e-09
3 -5.481018673227748e-09
4 -5.401299342804185e-09
5 -1.1322084463063084e-08
6 -1.1145127408669861e-08
7 -1.0985644684655016e-08
8 -1.0852889712896774e-08
9 -1.0755786573768043e-08
10 -1.0701688039279138e-08
11 -1.0695186637030375e-08
12 -1.0737263583593544e-08
13 -1.082506808447776e-08
14 -1.0952373888318978e-08
15 -1.1110613839628392e-08
16 -1.1290246148855254e-08
17 -8.539762396077357e-09
18 -8.598087046576702e-09
19 -8.654958117392933e-09
20 -8.709493493335904e-09
21 -8.761356378240899e-09
22 -8.810931427948831e-09
23 -8.859566094614547e-09
24 -8.910123638366718e-09
Variable virtual_noncollocation_error_sum
None -1.4879452906982415e-11
Variable time
Variable tf
0 -1.2174132388005773e-13
1 -1.4221642469143819e-13
2 -1.6676152751443343e-13
3 -1.963165535780199e-13
4 -2.3195764676242973e-13
5 -1.4856620746576145e-13
6 -1.6831131773888093e-13
7 -1.879607011779088e-13
8 -2.0574477949878705e-13
9 -2.194837866825046e-13
10 -2.270878722727668e-13
11 -2.2724800879409293e-13
12 -2.1995421633341325e-13
13 -2.0649530635938047e-13
14 -1.8894222207926787e-13
15 -1.6946273273958835e-13
16 -1.4982395625657312e-13
17 -3.802295707443111e-13
18 -3.1186882392070706e-13
19 -2.589694223851551e-13
20 -2.173032902988873e-13
21 -1.8392543093541097e-13
22 -1.567471652604508e-13
23 -1.3425451152076185e-13
24 -1.153208197236253e-13
Variable rx
0.0 -9.999999999989998e-16
0.006202 -1.001786113304585e-15
0.025798 -1.0086149386740147e-15
0.04 -1.0146646550330043e-15
0.046202 -1.0173955816125066e-15
0.065798 -1.0269940756379895e-15
0.08 -1.0348503307477802e-15
0.086202 -1.0382863852193428e-15
0.105798 -1.0499365536271547e-15
0.12 -1.0591105683172807e-15
0.126202 -1.0630635984102888e-15
0.145798 -1.0761887643933992e-15
0.16 -1.0862762511632725e-15
0.166202 -1.090587194048546e-15
0.185798 -1.1046900372269902e-15
0.2 -1.115333766626269e-15
0.206202 -1.120969560489931e-15
0.225798 -1.1403703801388172e-15
0.24 -1.1560210529556648e-15
0.246202 -1.162947743854552e-15
0.265798 -1.186523037098233e-15
0.28 -1.2053070753782083e-15
0.286202 -1.2136412693802451e-15
0.305798 -1.2418351128993415e-15
0.32 -1.2641513175719177e-15
0.326202 -1.2741135063597703e-15
0.345798 -1.3077204069322552e-15
0.36 -1.334246923865338e-15
0.366202 -1.3461923431352873e-15
0.385798 -1.3864744014583642e-15
0.4 -1.4182750023907116e-15
0.406202 -1.4327506847121083e-15
0.425798 -1.481650852156452e-15
0.44 -1.5203665406878066e-15
0.446202 -1.5382134369709242e-15
0.465798 -1.5987396324070411e-15
0.48 -1.646937843289621e-15
0.486202 -1.6694783535725978e-15
0.505798 -1.7464204983916897e-15
0.52 -1.8082620934566504e-15
0.526202 -1.837663758966087e-15
0.545798 -1.9390183222902865e-15
0.56 -2.0216264643289806e-15
0.566202 -2.0616648586188367e-15
0.585798 -2.201722678054715e-15
0.6 -2.318283164427484e-15
0.606202 -2.376121997309272e-15
0.625798 -2.5830057745279623e-15
0.64 -2.760808756217524e-15
0.646202 -2.8518138371404776e-15
0.665798 -3.189238527902529e-15
0.68 -3.4950610761059446e-15
0.686202 -3.609594776513773e-15
0.705798 -4.010989035669719e-15
0.72 -4.345251895597745e-15
0.726202 -4.5119290796714435e-15
0.745798 -5.106455099808296e-15
0.76 -5.613751294696074e-15
0.766202 -5.8718165729182945e-15
0.785798 -6.814965926137346e-15
0.8 -7.647489418724139e-15
0.806202 -8.08239070876749e-15
0.825798 -9.72885109469726e-15
0.84 -1.1256563327462758e-14
0.846202 -1.2085547686463758e-14
0.865798 -1.5401879332452326e-14
0.88 -1.8735054670431955e-14
0.886202 -2.065683140728015e-14
0.905798 -2.913257778259846e-14
0.92 -3.9004740473896106e-14
0.926202 -4.539240993369225e-14
0.945798 -8.041454329825454e-14
0.96 -1.390936195719568e-13
0.966202 -1.9127842091938265e-13
0.985798 -9.299075354157074e-13
1.0 -0.0010000000000000002
Variable ry
0.0 -1.3333333244444444e-15
0.006202 -1.3168237483492313e-15
0.025798 -1.2714647264882032e-15
0.04 -1.2443392029444549e-15
0.046202 -1.2345097159180762e-15
0.065798 -1.2077892025160855e-15
0.08 -1.1922267397732104e-15
0.086202 -1.1867045898242665e-15
0.105798 -1.1723628644184597e-15
0.12 -1.1647800500357902e-15
0.126202 -1.1623159600884268e-15
0.145798 -1.1569902338417012e-15
0.16 -1.1554177602645551e-15
0.166202 -1.1553217784146656e-15
0.185798 -1.1571439938011172e-15
0.2 -1.1604864934870122e-15
0.206202 -1.1626775228344745e-15
0.225798 -1.1702370088107307e-15
0.24 -1.176328665590731e-15
0.246202 -1.179017370652395e-15
0.265798 -1.1881163383376083e-15
0.28 -1.195292408697886e-15
0.286202 -1.1984519630860493e-15
0.305798 -1.2090180171376764e-15
0.32 -1.217237399223231e-15
0.326202 -1.2208635173065465e-15
0.345798 -1.2328936384923946e-15
0.36 -1.2421639522343066e-15
0.366202 -1.2462729369810513e-15
0.385798 -1.2598283073505902e-15
0.4 -1.2702030269473125e-15
0.406202 -1.2748311570040205e-15
0.425798 -1.290035981208238e-15
0.44 -1.301614266366493e-15
0.446202 -1.3068183164872512e-15
0.465798 -1.3238621191880493e-15
0.48 -1.3367910794377005e-15
0.486202 -1.3426499150810518e-15
0.505798 -1.3617932088839864e-15
0.52 -1.3762725933775515e-15
0.526202 -1.3828898610304518e-15
0.545798 -1.4044732992716e-15
0.56 -1.4207627316692302e-15
0.566202 -1.428270720064916e-15
0.585798 -1.4527279887258902e-15
0.6 -1.471156938291879e-15
0.606202 -1.4797217077627388e-15
0.625798 -1.5075964377325169e-15
0.64 -1.5285770893558625e-15
0.646202 -1.5384049858462983e-15
0.665798 -1.5703719531716805e-15
0.68 -1.594415041450193e-15
0.686202 -1.6025286428976844e-15
0.705798 -1.6286319785920385e-15
0.72 -1.6479354539781005e-15
0.726202 -1.6568397593004829e-15
0.745798 -1.6852633042226209e-15
0.76 -1.7060558614653639e-15
0.766202 -1.7156153275024188e-15
0.785798 -1.7458271219370566e-15
0.8 -1.76761564327254e-15
0.806202 -1.7775737229721296e-15
0.825798 -1.808611896674125e-15
0.84 -1.830545482113575e-15
0.846202 -1.840465055065826e-15
0.865798 -1.8707402267132758e-15
0.88 -1.8914611844204637e-15
0.886202 -1.90065285923794e-15
0.905798 -1.9277234973442002e-15
0.92 -1.9452135636672286e-15
0.926202 -1.9526652959082636e-15
0.945798 -1.9730452530614682e-15
0.96 -1.984527694171724e-15
0.966202 -1.9888677640957224e-15
0.985798 -1.9979906993540103e-15
1.0 -1.99999998e-15
Variable rz
0.0 -3.70370364883402e-15
0.006202 -3.7971565927525355e-15
0.025798 -4.0965444567593256e-15
0.04 -4.313643500815214e-15
0.046202 -4.401245608504148e-15
0.065798 -4.669288530649986e-15
0.08 -4.850333476811645e-15
0.086202 -4.920117781313917e-15
0.105798 -5.118677656350194e-15
0.12 -5.2374109411545846e-15
0.126202 -5.279194948456276e-15
0.145798 -5.3807185392575145e-15
0.16 -5.4231355835830615e-15
0.166202 -5.432656400115933e-15
0.185798 -5.431263053887114e-15
0.2 -5.40066059178709e-15
0.206202 -5.378292370558481e-15
0.225798 -5.300765952222303e-15
0.24 -5.238583968541092e-15
0.246202 -5.21135552159512e-15
0.265798 -5.1205960246617194e-15
0.28 -5.05081062003504e-15
0.286202 -5.020638497330402e-15
0.305798 -4.922324300036779e-15
0.32 -4.848659943274579e-15
0.326202 -4.8169481433593585e-15
0.345798 -4.7151485481753186e-15
0.36 -4.640196769678151e-15
0.366202 -4.607919499937484e-15
0.385798 -4.5054000302105385e-15
0.4 -4.430870500610529e-15
0.406202 -4.398673170126336e-15
0.425798 -4.297225448698647e-15
0.44 -4.224188224188316e-15
0.446202 -4.192480897019341e-15
0.465798 -4.0932126809565495e-15
0.48 -4.022299800038515e-15
0.486202 -3.991333333157842e-15
0.505798 -3.89489808467608e-15
0.52 -3.82645794932016e-15
0.526202 -3.796381664328376e-15
0.545798 -3.7031491822257975e-15
0.56 -3.63735874325705e-15
0.566202 -3.6082620890466044e-15
0.585798 -3.5184400638470206e-15
0.6 -3.455383366246957e-15
0.606202 -3.427324974911607e-15
0.625798 -3.3410427701699915e-15
0.64 -3.280764267799004e-15
0.646202 -3.253791439918034e-15
0.665798 -3.1711556221578462e-15
0.68 -3.113694954456856e-15
0.686202 -3.095125563587703e-15
0.705798 -3.0378896933944963e-15
0.72 -2.9978772019599267e-15
0.726202 -2.9800432345331663e-15
0.745798 -2.925583732157686e-15
0.76 -2.8879764601599407e-15
0.766202 -2.8712789434882977e-15
0.785798 -2.8208052677181542e-15
0.8 -2.78643181275469e-15
0.806202 -2.7712516557124032e-15
0.825798 -2.7259339094353687e-15
0.84 -2.6956192435354087e-15
0.846202 -2.6823455149443115e-15
0.865798 -2.6434128091615402e-15
0.88 -2.618058730152725e-15
0.886202 -2.6071289833016764e-15
0.905798 -2.5760116379976524e-15
0.92 -2.5567157010988638e-15
0.926202 -2.5486780541656654e-15
0.945798 -2.5272313215997235e-15
0.96 -2.5154795525833543e-15
0.966202 -2.5110974303904382e-15
0.985798 -2.5019886246985665e-15
1.0 -2.499999975e-15
Variable vx
0.0 -5.4054053469685905e-14
0.006202 -5.451373526317019e-14
0.025798 -5.5944082602516065e-14
0.04 -5.695491506922622e-14
0.046202 -5.73591490520396e-14
0.065798 -5.859231873803902e-14
0.08 -5.943912022293523e-14
0.086202 -5.977266432489719e-14
0.105798 -6.076247799734142e-14
0.12 -6.141441448103279e-14
0.126202 -6.166481763272626e-14
0.145798 -6.237583422482859e-14
0.16 -6.281162201718264e-14
0.166202 -6.297060858074293e-14
0.185798 -6.338210507932397e-14
0.2 -6.359238702046587e-14
0.206202 -6.415665554475531e-14
0.225798 -6.597714389808439e-14
0.24 -6.733306869029511e-14
0.246202 -6.790611589407338e-14
0.265798 -6.97500377863986e-14
0.28 -7.111864955840848e-14
0.286202 -7.170088176518155e-14
0.305798 -7.357025047722182e-14
0.32 -7.495383690752583e-14
0.326202 -7.55469876940629e-14
0.345798 -7.744845468713165e-14
0.36 -7.885310308227258e-14
0.366202 -7.946062477718152e-14
0.385798 -8.140675625500649e-14
0.4 -8.284330930036427e-14
0.406202 -8.3470841501314e-14
0.425798 -8.54816381082814e-14
0.44 -8.696682917100612e-14
0.446202 -8.762277789249386e-14
0.465798 -8.972756532129036e-14
0.48 -9.128545148519548e-14
0.486202 -9.198173961638049e-14
0.505798 -9.422166440949006e-14
0.52 -9.588557385821233e-14
0.526202 -9.66386727927317e-14
0.545798 -9.907022214678495e-14
0.56 -1.0088559588571153e-13
0.566202 -1.0171803611208606e-13
0.585798 -1.044183223270814e-13
0.6 -1.064471109112237e-13
0.606202 -1.0738982034056889e-13
0.625798 -1.104649282725123e-13
0.64 -1.1279270056124945e-13
0.646202 -1.138887974162839e-13
0.665798 -1.1748754516309516e-13
0.68 -1.2023543230696834e-13
0.686202 -1.1760280267548467e-13
0.705798 -1.0997073163899161e-13
0.72 -1.0501524793938552e-13
0.726202 -1.0289484626893102e-13
0.745798 -9.671575682062075e-14
0.76 -9.267762757533661e-14
0.766202 -9.093687013154997e-14
0.785798 -8.584225326577607e-14
0.8 -8.24948693034437e-14
0.806202 -8.10421927839497e-14
0.825798 -7.677525888437994e-14
0.84 -7.395890284793426e-14
0.846202 -7.272910390983165e-14
0.865798 -6.910563189358536e-14
0.88 -6.670464078513066e-14
0.886202 -6.565002218625669e-14
0.905798 -6.253441890153393e-14
0.92 -6.046299234481192e-14
0.926202 -5.954778270334774e-14
0.945798 -5.6837833811164136e-14
0.96 -5.503087012101581e-14
0.966202 -5.422755586183996e-14
0.985798 -5.1844310406345607e-14
1.0 -5.025125577636929e-14
Variable vy
0.0 -3.5087719052016004e-14
0.006202 -3.552696154410521e-14
0.025798 -3.699243702005517e-14
0.04 -3.8134390209490397e-14
0.046202 -3.862155684859774e-14
0.065798 -4.024648303357786e-14
0.08 -4.1512141382925633e-14
0.086202 -4.205432130093339e-14
0.105798 -4.386208951529112e-14
0.12 -4.526936760973552e-14
0.126202 -4.587475345083899e-14
0.145798 -4.789226344366816e-14
0.16 -4.9461610207424335e-14
0.166202 -5.01396273517439e-14
0.185798 -5.2397636944439263e-14
0.2 -5.41522155657723e-14
0.206202 -5.433688981839513e-14
0.225798 -5.492186413548968e-14
0.24 -5.534661560492662e-14
0.246202 -5.5523280143603705e-14
0.265798 -5.6080043285695694e-14
0.28 -5.648147374945875e-14
0.286202 -5.664911411832669e-14
0.305798 -5.717430529742526e-14
0.32 -5.754985605526975e-14
0.326202 -5.770730069440623e-14
0.345798 -5.81971236965175e-14
0.36 -5.854398731919793e-14
0.366202 -5.868990560278179e-14
0.385798 -5.914014747037374e-14
0.4 -5.945530365231897e-14
0.406202 -5.958821979256413e-14
0.425798 -5.999431497235625e-14
0.44 -6.027459311512476e-14
0.446202 -6.039291563992288e-14
0.465798 -6.075004926404591e-14
0.48 -6.099220847015212e-14
0.486202 -6.109427079451758e-14
0.505798 -6.139750340486674e-14
0.52 -6.159831472517533e-14
0.526202 -6.168241932963211e-14
0.545798 -6.19268097368596e-14
0.56 -6.208312536728697e-14
0.566202 -6.214758449302012e-14
0.585798 -6.232829278888093e-14
0.6 -6.24370942925826e-14
0.606202 -6.248026333792769e-14
0.625798 -6.259262867570869e-14
0.64 -6.26510568366353e-14
0.646202 -6.267136127423333e-14
0.665798 -6.27109629183061e-14
0.68 -6.271634048765983e-14
0.686202 -6.270419299600639e-14
0.705798 -6.260145999543746e-14
0.72 -6.246647721327686e-14
0.726202 -6.238830189466468e-14
0.745798 -6.207879655469872e-14
0.76 -6.179657217328946e-14
0.766202 -6.165159138178023e-14
0.785798 -6.113567247489669e-14
0.8 -6.070904845098824e-14
0.806202 -6.049878608617027e-14
0.825798 -5.978392630893498e-14
0.84 -5.922067217496245e-14
0.846202 -5.894886593559402e-14
0.865798 -5.80491599310259e-14
0.88 -5.736143058881006e-14
0.886202 -5.703372910485263e-14
0.905798 -5.596876974621209e-14
0.92 -5.517215963231757e-14
0.926202 -5.479562805672498e-14
0.945798 -5.3588854895229155e-14
0.96 -5.27011460643692e-14
0.966202 -5.228361942310298e-14
0.985798 -5.0960281571280545e-14
1.0 -4.9999999500000005e-14
Variable vz
0.0 -7.142857040816328e-14
0.006202 -7.024795198934161e-14
0.025798 -6.675485235845228e-14
0.04 -6.442788840195304e-14
0.046202 -6.352279876055368e-14
0.065798 -6.082129415412543e-14
0.08 -5.900190687195957e-14
0.086202 -5.828685304765567e-14
0.105798 -5.613890181239786e-14
0.12 -5.4680764956721413e-14
0.126202 -5.4102551789875916e-14
0.145798 -5.2357628324571854e-14
0.16 -5.116627034532269e-14
0.166202 -5.069008577063714e-14
0.185798 -4.9248411771482925e-14
0.2 -4.82601652398409e-14
0.206202 -4.8162025585211346e-14
0.225798 -4.785783838502713e-14
0.24 -4.764311288702864e-14
0.246202 -4.755527103728375e-14
0.265798 -4.728387805890278e-14
0.28 -4.709316343123707e-14
0.286202 -4.7014707743740565e-14
0.305798 -4.677329837520649e-14
0.32 -4.660461884648038e-14
0.326202 -4.6534848009401754e-14
0.345798 -4.632124202133545e-14
0.36 -4.617304597776277e-14
0.366202 -4.6111436482884466e-14
0.385798 -4.592398283703896e-14
0.4 -4.579507150091349e-14
0.406202 -4.574124941048225e-14
0.425798 -4.557874009569719e-14
0.44 -4.546820868313114e-14
0.446202 -4.54219254376174e-14
0.465798 -4.5283524506354625e-14
0.48 -4.519071670940189e-14
0.486202 -4.5151829909208756e-14
0.505798 -4.5037020766279916e-14
0.52 -4.496149862992008e-14
0.526202 -4.492995922709817e-14
0.545798 -4.483851380119429e-14
0.56 -4.4780044600297695e-14
0.566202 -4.4755891426857064e-14
0.585798 -4.4687862621724784e-14
0.6 -4.464642229071704e-14
0.606202 -4.4629783885775626e-14
0.625798 -4.458551969533452e-14
0.64 -4.4561310366273513e-14
0.646202 -4.4552413129593525e-14
0.665798 -4.4532588551342386e-14
0.68 -4.452606685986351e-14
0.686202 -4.452234762422776e-14
0.705798 -4.453224479812251e-14
0.72 -4.4559964122071784e-14
0.726202 -4.4578319358885463e-14
0.745798 -4.465836774068728e-14
0.76 -4.4737425903839746e-14
0.766202 -4.477954888385653e-14
0.785798 -4.4935562078853324e-14
0.8 -4.507063458124962e-14
0.806202 -4.513898445791763e-14
0.825798 -4.5379340250857405e-14
0.84 -4.557710974734416e-14
0.846202 -4.5675141999808015e-14
0.865798 -4.601158414650166e-14
0.88 -4.628139851428544e-14
0.886202 -4.6413923089830395e-14
0.905798 -4.686281197934704e-14
0.92 -4.72177162587728e-14
0.926202 -4.7391468515499897e-14
0.945798 -4.797578741859519e-14
0.96 -4.8434193143585733e-14
0.966202 -4.865878076652003e-14
0.985798 -4.9411491276581055e-14
1.0 -4.9999999500000005e-14
Variable mass_prop
0.0 -1.440922175769124e-14
0.006202 -1.4529806455113085e-14
0.025798 -1.492442758255503e-14
0.04 -1.5224093321123264e-14
0.046202 -1.5349949764976316e-14
0.065798 -1.5761645678764963e-14
0.08 -1.607409624286888e-14
0.086202 -1.620586404858862e-14
0.105798 -1.6636770251653877e-14
0.12 -1.69636707173247e-14
0.126202 -1.710213970051598e-14
0.145798 -1.7554893224011182e-14
0.16 -1.7898299566950765e-14
0.166202 -1.804445424954876e-14
0.185798 -1.8522344190168184e-14
0.2 -1.8884822645772556e-14
0.206202 -1.8922634657017354e-14
0.225798 -1.9043106524301604e-14
0.24 -1.9131381073952346e-14
0.246202 -1.9168352823575618e-14
0.265798 -1.928611325031284e-14
0.28 -1.9372367883912308e-14
0.286202 -1.940879801451246e-14
0.305798 -1.952480810669791e-14
0.32 -1.9609756365255427e-14
0.326202 -1.9645963066722526e-14
0.345798 -1.976124521148092e-14
0.36 -1.9845644557984013e-14
0.366202 -1.9881967763412835e-14
0.385798 -1.9997613092671202e-14
0.4 -2.0082270838876996e-14
0.406202 -2.011907564699717e-14
0.425798 -2.0236255478428327e-14
0.44 -2.0322037691968192e-14
0.446202 -2.0359719278355542e-14
0.465798 -2.0479701396066776e-14
0.48 -2.0567545446749508e-14
0.486202 -2.0606535713989447e-14
0.505798 -2.073070632635351e-14
0.52 -2.0821637725491897e-14
0.526202 -2.0862413883220332e-14
0.545798 -2.099230592351219e-14
0.56 -2.108746000122697e-14
0.566202 -2.1130555348714564e-14
0.585798 -2.1267884070133808e-14
0.6 -2.1368533270652933e-14
0.606202 -2.141455059854218e-14
0.625798 -2.156125790889732e-14
0.64 -2.166884588100883e-14
0.646202 -2.171847437905753e-14
0.665798 -2.187678491640121e-14
0.68 -2.1992969777023878e-14
0.686202 -2.2187857952719182e-14
0.705798 -2.2826975835125834e-14
0.72 -2.3313676007292765e-14
0.726202 -2.3542889780257696e-14
0.745798 -2.4297679057252574e-14
0.76 -2.4875676617742762e-14
0.766202 -2.514989928294273e-14
0.785798 -2.60574942371295e-14
0.8 -2.6757309508786888e-14
0.806202 -2.7092024685936342e-14
0.825798 -2.8206881290467563e-14
0.84 -2.907397721477382e-14
0.846202 -2.949254171002994e-14
0.865798 -3.089800449353753e-14
0.88 -3.2003322820060175e-14
0.886202 -3.254275718148412e-14
0.905798 -3.437337056035607e-14
0.92 -3.583428990568457e-14
0.926202 -3.655708070027839e-14
0.945798 -3.9045452356134285e-14
0.96 -4.1071597163265586e-14
0.966202 -4.209231555607199e-14
0.985798 -4.567916800162605e-14
1.0 -4.8685931934068835e-14
Variable ux
Variable uy
Variable uz
Variable thrust
Variable rx_dt
Variable ry_dt
Variable rz_dt
Variable vx_dt
Variable vy_dt
Variable vz_dt
Variable mass_prop_dt
Variable time_dt
